31.23037 121.4737 40.07733 116.60039 45.0
30.5702 104.06476 40.07733 116.60039 45.0
22.54286 114.05956 40.07733 116.60039 45.0
23.12908 113.26436 40.07733 116.60039 45.0
29.56471 106.55073 40.07733 116.60039 45.0
30.27415 120.15515 40.07733 116.60039 45.0
24.87966 102.83322 40.07733 116.60039 45.0
34.32932 108.70929 40.07733 116.60039 45.0
45.80216 126.5358 40.07733 116.60039 45.0
28.22778 112.93886 40.07733 116.60039 45.0
18.25248 109.51209 40.07733 116.60039 45.0
43.82663 87.61688 40.07733 116.60039 45.0
30.59276 114.30525 40.07733 116.60039 45.0
22.27534 114.16546 40.07733 116.60039 45.0
26.64702 106.63024 40.07733 116.60039 45.0
24.47951 118.08948 40.07733 116.60039 45.0
20.04422 110.19989 40.07733 116.60039 45.0
28.68202 115.85794 40.07733 116.60039 45.0
43.81602 125.32357 40.07733 116.60039 45.0
36.06623 120.38299 40.07733 116.60039 45.0
22.81673 108.3669 40.07733 116.60039 45.0
26.07421 119.29647 40.07733 116.60039 45.0
38.91369 121.61476 40.07733 116.60039 45.0
41.80563 123.43236 40.07733 116.60039 45.0
32.05838 118.79647 40.07733 116.60039 45.0
36.06138 103.83417 40.07733 116.60039 45.0
38.48644 106.23248 40.07733 116.60039 45.0
27.99492 120.69939 40.07733 116.60039 45.0
37.46353 121.44801 40.07733 116.60039 45.0
22.27073 113.57668 40.07733 116.60039 45.0
29.87386 121.55027 40.07733 116.60039 45.0
31.82057 117.22901 40.07733 116.60039 45.0
34.34127 108.93984 40.07733 116.60039 45.0
49.21163 119.76584 40.07733 116.60039 45.0
40.84149 111.75199 40.07733 116.60039 45.0
37.87059 112.55067 40.07733 116.60039 45.0
46.58758 125.10307 40.07733 116.60039 45.0
25.27361 110.29002 40.07733 116.60039 45.0
31.46751 104.6796 40.07733 116.60039 45.0
24.87389 118.67587 40.07733 116.60039 45.0
30.69186 111.28642 40.07733 116.60039 45.0
23.54972 116.37271 40.07733 116.60039 45.0
40.65781 109.84021 40.07733 116.60039 45.0
37.51348 122.12171 40.07733 116.60039 45.0
31.49099 120.31237 40.07733 116.60039 45.0
22.18684 113.54294 40.07733 116.60039 45.0
34.74725 113.62493 40.07733 116.60039 45.0
34.61812 112.45361 40.07733 116.60039 45.0
36.50204 102.104287 40.07733 116.60039 45.0
24.954708 121.48068 40.07733 116.60039 45.0