116.307621	39.984059
116.304703	39.981954
116.312256	39.984355
116.315346	39.980442
116.308994	39.981527
116.310539	39.979751
116.305776	39.977252
116.316419	39.984026
116.314874	39.976956
116.311827	39.978501
116.312814	39.980277
116.369022	39.980236
116.368486	39.980236
116.367488	39.977161
116.396713	39.915398
116.455421	39.937645
116.321182	39.896304
121.452827	31.254487
121.485443	31.225133
121.442528	31.216912
121.500893	31.251552
121.455917	31.249204
114.042892	22.546885
113.999805	22.538086
114.082031	22.538086