116.895579	24.306521	43
113.951068	22.772504	48
110.00006	40.603564	38
111.846788	21.897821	97
120.607979	28.022674	49
120.244238	27.642108	21
113.304118	23.154842	9
113.924164	23.219795	94
101.692567	36.945368	39
121.595172	38.977931	86
117.215115	39.211625	63
117.29184	34.208296	25
113.268392	22.855112	38
104.40182	30.763942	78
103.858606	36.042294	29
111.807038	40.480162	21
116.492689	23.270168	14
113.714688	34.727011	93
100.300696	24.294623	13
106.520348	29.584038	43
120.713809	32.500059	74
113.899515	22.496365	23
114.277144	26.734914	16
117.789959	36.139838	17
113.816098	23.108165	22
117.999552	24.613994	88
114.521645	32.202431	8
105.895828	32.423113	48
114.413938	30.468402	66
123.622729	41.922734	86
119.278829	26.030958	49
113.7508	23.096938	28
109.550306	18.759454	99
117.087296	37.416999	57
116.616979	35.410712	59
104.680951	23.442143	77
116.011224	36.972677	21
121.662662	31.265527	98
113.160712	22.311906	98
113.259499	23.147357	39
116.490488	39.752985	28
108.962473	34.245263	90
112.926264	28.357455	85
106.099789	25.172186	39
124.919729	46.610268	14
122.265164	43.626166	3
103.965711	30.759318	66
81.864027	41.799725	23
109.026665	34.999063	8
117.723772	34.562502	18
121.538642	31.221014	71
113.616099	23.125	31
118.539784	32.98618	51
118.045868	33.910477	58
102.733748	24.999628	80
110.120424	21.814721	69
113.53721	34.831027	63
103.750423	29.564131	51
108.343693	22.847061	48
120.974335	31.425611	95
121.486648	31.273243	39
121.578509	45.415852	12
120.176218	30.284694	18
113.244533	22.83731	47
113.882833	22.600005	16
120.861598	32.049926	93
119.601994	31.745735	78
115.550205	34.846048	95
113.832878	34.025948	79
113.96713	35.715252	18
110.199547	22.683293	66
106.46486	29.548186	23
102.782912	24.937195	34
122.036842	37.188304	91
110.042236	40.593977	6
113.225579	23.470736	91
113.303911	34.779328	33
124.900308	46.63403	55
113.726187	34.763102	7
105.918555	34.488574	17
119.195951	36.717647	47
120.548152	40.445429	6
103.664276	30.931069	85
118.046192	24.664057	94
87.313148	44.015054	77
121.404588	37.457301	26
101.211857	25.436678	9
113.924128	22.545625	100
108.878912	34.242935	97
114.245129	30.742	100
117.196682	35.092336	22
115.686622	29.687971	84
113.38943	22.984364	80
113.154963	29.343102	19
116.336689	40.043326	33
116.58314	40.293543	36
103.871946	36.065076	84
120.696238	30.501609	20
120.560863	30.640925	96
115.777431	37.77055	53
103.40683	23.3597	78
124.794362	40.729217	96
111.005031	21.540118	11
112.794518	24.053766	76
109.506441	18.28923	74
118.015658	36.636986	6
119.184336	34.943714	76
114.244123	22.69433	80
108.349909	22.804557	21
106.629241	29.711155	65
106.581181	29.521255	8
114.263939	30.583946	70
113.84196	34.020578	7
123.182658	42.507064	74
109.305814	24.261247	35
115.958638	34.541096	13
112.695893	22.383657	85
119.061564	31.670387	83
108.346603	22.766239	74
116.606783	35.41594	61
121.342874	31.285673	48
118.012281	36.845991	70
123.429054	41.79428	26
114.082059	32.128462	77
113.28104	23.054131	71
114.372122	30.529026	24
113.495223	23.074605	96
120.551656	31.441625	75
126.592051	43.849908	35
114.609949	33.561748	15
120.405007	36.324941	7
109.382718	24.267424	70
118.170706	32.674172	94
119.269432	33.433043	51
104.099379	26.245409	14
118.876388	31.773252	30
111.690258	40.813707	61
116.093437	35.355328	74
111.440493	27.690723	15
111.298247	27.698935	84
112.950275	34.172299	82
104.104841	30.627695	16
105.34373	30.113237	14
117.247194	31.900168	84
114.931865	36.357763	69
116.227878	23.433224	51
112.622439	28.706619	16
121.576038	31.120998	68
114.148076	30.628068	93
114.428581	38.048127	22
108.947704	34.305244	10
116.375703	30.85227	76
120.093295	31.793165	78
112.469682	34.150657	59
118.300304	35.003092	84
119.145206	28.076615	57
114.674115	33.647391	26
114.283226	31.506408	96
115.047325	26.325752	95
86.0981	44.312374	59
124.285543	42.063808	68
113.271518	23.12112	12
123.617563	47.23076	7
114.435812	30.60946	49
113.67466	34.758357	28
116.350074	39.850893	60
122.447143	36.970817	87
113.201558	33.768945	41
110.198837	20.344352	31
113.532988	23.852085	43
116.412668	34.936767	91
106.741385	26.568277	59
103.894323	30.810307	75
120.679961	31.143168	72
112.374264	34.680019	99
121.457857	31.22919	75
108.346855	22.810562	16
118.568368	34.845626	73
114.512357	36.618399	2
116.742472	23.495446	55
112.153191	30.361585	45
119.483364	25.894396	85
103.704735	36.100581	28
105.639146	30.326327	49
114.461522	22.809171	17
119.790396	33.798703	12
116.647449	33.643499	27
113.00942	28.234725	3
105.859034	37.011078	84
116.673222	23.482735	63
109.25735	25.072275	57
116.431901	39.976948	39
118.796951	32.047455	86
119.991868	28.893313	31
114.938504	25.862368	10
121.871976	29.901115	100
118.319564	32.325613	3
119.609908	25.754623	88
109.603979	19.51865	17
108.958673	34.212378	68
118.794112	32.027077	54
106.520582	29.513649	70
121.318593	30.227412	42
115.361714	28.865907	28
117.487158	23.806616	68
111.323758	30.708287	41
123.52714	41.805983	31
116.264151	40.123681	13
113.817778	23.122358	18
121.551542	29.800633	95
113.819557	22.801575	4
103.933408	36.052048	50
118.793591	32.056514	21
108.604884	23.4393	57
113.091345	28.236316	2
111.489999	27.65158	95
103.401458	25.898118	18
123.340274	41.750622	45
117.075654	39.383565	51
111.309134	23.835195	19
110.433556	34.874668	69
113.682215	34.838649	4
112.445508	37.685577	22
115.942818	28.660941	12
116.34181	37.480486	65
106.248781	29.456216	30
113.327043	23.041378	61
104.276929	30.574837	58
114.336145	23.003402	38
113.19492	23.141243	98
121.341006	30.322438	63
118.193882	24.489244	32
109.898947	40.676985	30
113.587237	30.949514	59
104.379875	31.155592	96
115.347008	38.764412	13
126.657079	45.783459	45
117.532361	36.659289	66
101.520919	36.653542	3
121.50006	29.828554	92
121.525769	31.297708	72
113.634362	34.73597	56
113.97641	22.701582	33
114.019465	22.918772	34
103.984504	30.688165	85
114.358037	36.11059	82
113.105529	22.852906	80
120.504827	36.314211	5
112.064205	37.455123	98
120.417943	31.913633	49
108.301014	22.839067	24
120.366713	27.464139	96
104.079221	30.663379	73
114.130352	22.545107	74
109.862045	29.004063	98
130.351639	46.816811	23
113.612407	23.010421	77
117.019896	36.653593	65
121.640465	38.925981	55
114.299979	30.593024	40
106.077241	29.827019	61
114.292353	30.587599	43
106.329782	38.116598	36
117.94038	40.974879	12
104.047457	34.448159	50
99.968826	25.672386	89
119.875133	31.815582	59
117.180216	26.90989	38
113.501844	22.229378	97
104.456446	30.223605	93
111.582659	39.425966	93
113.849668	22.897724	1
126.54807	44.835942	61
117.847217	36.817495	71
119.678916	29.042816	21
108.952376	34.236422	65
118.645137	42.325882	51
119.901121	29.453032	77
108.523812	25.923353	80
103.785807	30.881098	49
107.389037	40.765086	63
120.698583	31.350765	55
119.978788	36.299043	45
123.787819	41.307084	9
120.209572	30.182794	95
114.045732	22.629222	81
118.786494	30.943196	51
113.670114	34.753204	79
103.857366	30.064645	57
111.546197	24.459818	77
130.578712	46.241894	91
115.602945	34.427542	41
111.230505	28.384471	89
104.953748	28.378647	71
112.051314	22.919446	2
110.065744	20.911429	34
121.453761	31.20029	80
110.088741	20.923584	17
120.904196	31.959406	7
112.510501	26.91796	5
121.564064	31.20917	72
119.647134	32.313111	82
104.834813	29.503992	29
114.129795	22.601698	27
121.753615	36.877897	66
114.477062	38.025497	93
116.483868	23.598642	42
125.667065	44.393236	24
116.407386	36.858264	83
119.459101	32.213811	74
114.968408	22.75695	50
120.702661	27.944057	21
121.442568	31.182883	41
122.629859	40.959483	80
117.000888	36.728639	65
113.357199	22.054562	15
117.033837	25.098962	58
121.317012	31.3424	33
113.263065	23.187418	33
123.434579	41.16338	55
118.238528	25.4884	21
116.08864	39.40688	83
103.960501	30.786864	28
110.422614	29.115576	36
118.714594	32.210145	63
113.425955	23.430637	67
110.347471	20.006486	30
120.047769	30.248909	53
118.461335	24.725227	29
121.358199	31.446493	69
112.709422	22.373807	21
112.37942	34.606271	4
125.251797	43.849577	74
120.344201	27.470742	55
118.110996	24.473459	29
117.488066	33.254768	19
99.8885	22.495856	71
118.050459	36.782992	57
108.37313	22.805215	6
113.901985	34.804882	39
100.74755	21.701881	45
112.794276	22.301206	4
112.936846	28.727622	27
119.222568	36.441418	70
120.256284	29.832165	24
113.047876	22.944583	14
107.393375	29.712386	16
113.118699	22.628404	56
114.502565	38.053042	35
103.854609	30.705189	59
120.545547	27.515926	35
113.194111	27.805359	94
113.14775	23.183208	49
121.524628	31.223678	1
121.479138	28.752966	88
116.410701	39.768945	48
120.783742	30.748185	17
108.945531	34.211416	45
110.655635	26.745005	43
115.8792	28.658064	14
120.2004	36.017958	5
118.122054	24.434422	31
129.318902	47.486015	8
116.58004	35.059465	64
107.610927	37.602414	38
115.444421	28.173071	33
107.733797	33.2567	11
118.205857	33.770041	48
111.558791	36.091971	76
118.842827	32.055374	18
106.484461	28.018217	18
109.090912	21.454102	72
113.37344	23.139523	26
113.014756	28.190169	94
121.296827	28.666194	90
103.858229	30.216357	99
106.531577	29.548296	47
103.88419	30.535045	51
119.939092	31.653983	87
103.600119	29.755751	14
105.4613	28.888016	74
106.95608	27.726239	36
114.490151	38.016514	52
119.571739	30.597322	64
119.066352	36.726108	63
110.301451	25.28171	77
120.396375	36.185228	95
120.756667	27.968642	11
117.650021	39.025688	36
110.0089	40.357459	100
110.312796	20.008669	89
118.232051	39.625161	59
123.426467	41.841899	89
113.759631	23.102273	55
116.349311	39.721074	77
120.383969	36.311579	56
103.776501	29.60599	100
114.262295	33.335506	83
110.400013	34.018685	6
113.839759	22.736044	46
104.103664	30.663324	92
121.695037	39.091729	12
113.239979	33.957255	33
98.400628	36.967443	91
112.095223	31.526194	3
120.136998	29.424487	24
117.790462	28.223227	94
121.531869	38.883555	99
116.993135	35.428412	97
105.819832	25.84264	76
111.097906	35.464367	98
113.043061	36.545926	85
113.260712	30.637864	23
115.478332	25.619351	77
120.376639	31.562323	60
123.397631	41.791584	34
117.79101	34.421452	41
111.302774	30.692543	20
104.04098	30.685564	59
116.972465	35.600247	3
107.869414	31.090047	95
117.117074	36.189132	31
106.626339	26.627589	5
108.349595	28.287039	12
123.400614	41.813417	70
103.810241	30.875209	8
112.147801	32.025156	28
131.589836	46.729328	21
113.27248	23.125997	12
120.293896	30.909305	4
114.375239	22.75395	23
113.111845	41.037154	92
116.83966	30.749744	20
111.50607	27.840126	73
81.277721	43.932733	53
130.374986	46.820998	85
109.563574	24.005736	36
110.419551	21.202871	66
118.961296	42.275432	91
113.973993	22.538139	32
120.725253	36.991372	78
104.818778	34.684798	41
118.540206	36.519472	38
113.400371	22.356678	20
108.156261	28.245409	41
112.36193	28.563687	68
117.588047	34.583152	96
131.215863	45.085972	30
130.713674	47.587207	47
116.413971	40.072726	45
113.763529	34.391922	2
113.741188	34.37106	5
113.177627	23.444215	34
122.282762	29.950633	63
116.43977	23.866461	50
111.854477	33.04647	74
113.094894	34.361078	25
110.513289	24.128716	62
87.595306	43.890357	23
119.380813	25.905414	18
104.539818	30.269295	100
126.414608	47.265041	99
117.027127	32.643767	46
114.58414	38.016052	22
121.626496	39.214665	59
114.088653	23.083092	66
102.716725	24.981362	100
117.832117	24.444102	92
114.054697	22.659391	14
116.688268	23.335222	62
121.604784	38.974229	90
110.76565	31.356509	9
112.208113	27.46103	80
114.100466	22.84239	82
111.502252	30.296529	97
110.019949	27.607477	93
118.832335	35.936373	38
119.183815	26.07666	56
103.960618	30.762507	32
118.815249	35.214194	25
114.380962	30.619227	79
114.684724	23.11419	33
106.416621	29.811931	77
115.052211	40.613806	48
120.156338	29.619053	5
107.413533	40.763426	84
116.51583	40.125543	25
108.909131	34.219341	45
119.386706	29.541863	91
114.187754	22.58363	15
119.053111	33.548826	38
98.291492	39.772883	38
121.732164	29.945626	15
120.60073	31.935538	49
114.51719	38.048205	31
118.304428	34.018438	30
116.968665	36.654867	37
103.523915	30.592527	50
116.640407	23.489928	67
117.61134	38.518714	23
114.898439	33.447225	77
109.48252	28.586161	23
121.300735	31.258049	48
114.918014	32.58126	34
117.936545	33.907219	39
106.093994	28.557389	58
121.471512	31.211772	4
107.400697	40.736871	54
121.520829	31.238144	87
109.040203	21.937848	71
120.178248	30.264967	51
109.615639	23.111946	42
109.640244	18.265028	88
128.882307	47.7249	32
117.294777	40.868893	61
121.262359	38.812483	3
114.395442	22.789123	20
121.498461	31.192877	49
113.851985	23.113035	96
114.178933	22.581118	83
120.017577	36.288033	16
123.406228	41.892663	96
103.852803	30.377468	29
119.654114	27.092087	26
110.538837	24.923392	25
117.39651	36.103942	30
121.124631	31.164592	62
116.762864	25.665555	82
113.323566	23.125208	34
118.533747	25.086314	31
107.521438	26.290037	68
120.583914	31.306841	78
127.50004	45.757734	58
125.692901	42.540602	80
104.169599	35.942035	38
108.879038	18.500466	34
122.76473	40.861009	50
110.014173	19.739533	11
121.578994	29.885248	48
117.210426	39.200184	24
112.647061	26.898018	97
112.936944	27.887263	80
113.144175	27.832635	79
108.340818	26.858866	21
113.43271	23.202607	67
86.003751	41.769839	19
120.845357	31.756804	89
121.61887	29.809941	36
118.332347	35.073904	60
106.857401	23.462963	23
116.523294	39.889041	8
116.994177	36.576705	55
109.403505	25.214118	73
120.818767	27.926177	3
115.030131	35.226977	86
116.819915	32.788889	36
114.525292	37.983821	12
108.94448	34.13893	100
112.001898	31.785768	33
116.204683	39.05636	13
115.479284	38.500848	38
116.939569	32.615944	88
114.112593	22.557315	64
121.545819	29.88769	66
115.502846	33.869107	41
117.158109	31.800285	83
106.064979	33.800668	18
114.752941	25.876478	57
120.153679	30.273326	45
118.393468	25.042463	34
104.027667	30.665072	51
118.233848	33.452633	72
118.870037	34.116652	84
120.344965	31.872904	26
114.576181	35.499475	86
110.135776	31.545261	9
113.802156	35.198717	51
116.838213	36.553682	69
113.331462	35.264414	8
100.109555	26.002962	99
114.549268	30.965803	63
115.798335	32.887267	81
109.088011	21.470366	23
117.190268	34.204512	48
117.242765	39.077348	34
120.16419	30.27657	49
120.103895	30.378808	42
104.121244	30.665173	91
119.962071	31.652922	44
115.935075	28.562894	26
114.044834	22.926727	98
98.905987	39.422434	30
116.603792	23.258457	36
82.321282	43.486412	79
106.694619	26.335871	60
120.645574	31.312764	64
119.46396	31.648373	42
111.847722	38.924977	73
118.71622	32.026243	87
105.193901	34.188694	41
118.693663	36.774038	9
121.388544	28.442293	90
118.206432	39.602823	32
123.488234	41.878774	14
114.333854	22.778652	68
114.469723	38.084859	22
115.701273	24.130794	91
114.221809	30.477887	5
111.257742	37.91321	9
112.875914	34.156258	80
108.774718	36.829975	68
106.628504	29.56029	15
121.432696	31.144806	74
121.804495	39.034433	67
78.55484	39.788423	41
121.494068	28.548704	62
115.960695	32.895491	41
103.699633	36.30465	91
118.361165	29.800438	84
114.574861	30.675307	38
109.223089	27.740355	69
114.102595	22.794729	50
118.184755	24.509187	65
103.959773	30.47998	51
113.135623	27.907911	69
115.484233	38.869026	83
114.66197	37.899843	64
108.959311	34.262069	83
108.96046	34.270146	14
87.594417	43.819696	10
103.402653	30.158979	65
117.331114	36.693958	93
107.338938	30.877937	69
120.222005	32.041471	79
117.168817	34.274479	87
109.379125	24.264871	84
120.994484	40.727652	96
114.032473	22.62325	94
112.463493	22.498727	78
120.133477	30.288943	89
106.245754	29.561013	78
117.412015	39.555899	84
102.767542	24.99691	56
116.419477	40.072008	42
121.623649	29.864273	2
110.377663	21.272686	10
126.780973	45.190118	25
119.784754	33.007263	93
121.30281	30.21514	7
116.025786	28.687767	16
112.100595	34.144615	9
113.226855	23.131988	31
104.092049	30.699569	62
104.208595	29.774798	19
119.606333	29.060111	33
116.666026	26.259512	70
76.131356	38.982769	90
113.652813	34.734547	1
120.617951	30.664481	57
122.146516	40.180421	1
114.932863	27.799791	57
114.897936	25.807996	21
119.303864	26.084675	2
120.508744	30.087476	21
113.454863	30.37577	4
100.592206	25.830519	98
117.330611	31.929577	30
118.797391	32.050538	7
115.108284	30.214196	33
113.685988	35.110971	38
121.244645	30.198567	33
115.322062	35.233242	1
103.574158	35.491416	68
118.922471	33.313364	32
103.838772	30.692349	99
104.104841	30.627276	84
108.966165	34.231512	60
112.991525	23.106495	83
106.985024	26.448616	39
109.53145	18.301802	47
115.521935	38.60602	16
104.167956	30.696836	95
114.497166	36.587558	58
125.298446	43.925923	74
120.272876	31.914545	92
113.309077	40.084236	45
120.707251	27.922179	68
106.520133	29.593884	24
112.989738	28.158454	61
120.964283	31.386115	57
119.632626	39.988675	49
117.144697	34.218782	4
117.543428	36.725573	79
121.610911	38.91212	2
114.778228	25.657357	14
116.260998	37.324294	34
118.857937	31.946438	27
113.256023	23.164702	1
118.530127	34.150373	96
106.707537	26.578811	94
117.182812	31.741229	89
118.814396	32.109203	31
121.809625	39.069771	57
113.262922	23.176214	17
120.233117	33.307284	96
106.580535	29.565309	35
121.51198	31.154232	54
126.694305	45.706839	37
117.210094	34.295917	2
107.342576	34.345983	48
116.703602	39.518609	5
121.390961	31.251327	29
114.326381	30.632589	34
119.549084	35.402783	73
114.080496	38.211767	10
121.438193	30.995672	89
121.498793	31.292585	62
119.153255	36.730078	8
112.571325	37.825674	86
109.539858	23.439416	56
115.725123	39.147307	54
107.465402	26.896085	92
111.798037	22.169931	61
114.431725	34.824975	69
112.625017	22.35865	1
119.01682	25.448725	18
112.044137	21.888574	92
120.96732	30.901939	79
116.8386	36.553696	77
118.386138	35.904974	60
120.133737	30.198488	60
120.910628	32.364133	42
113.458465	23.194037	19
100.144822	24.442754	28
119.176566	29.029481	1
121.10141	30.878262	87
117.733842	39.016613	13
123.420601	41.790771	100
121.53698	31.050641	98
118.239301	39.700772	68
109.468991	36.625416	73
122.252049	40.668305	19
107.046656	35.634283	2
105.258804	30.58491	91
107.206555	22.838818	31
120.171367	30.267127	78
123.360711	42.748317	30
116.378982	39.965032	38
108.646359	24.500433	65
124.8616	46.663996	95
123.520277	41.602829	20
108.972731	34.320354	51
113.217315	34.335528	2
121.490565	31.268228	71
107.305701	34.345662	76
130.971344	45.298068	16
109.987924	22.280907	14
113.770797	34.193397	40
118.70668	43.535796	61
120.973563	31.376311	9
121.375366	31.083367	48
120.084645	29.313935	48
120.180584	30.310061	39
120.136764	30.287906	5
113.788799	22.743201	4
113.275327	23.131398	9
107.175743	32.060974	56
121.327046	31.122157	39
118.475339	24.717555	50
107.046432	27.838761	76
108.360419	22.829808	56
118.639963	32.094055	69
109.215974	23.719988	81
111.350779	24.632118	75
120.77652	27.95016	74
105.719123	33.73995	9
108.443998	34.488969	3
112.903896	28.303506	23
114.801422	27.19001	17
114.346817	36.110838	96
113.549023	22.366621	69
120.393284	30.32748	25
119.951336	30.074233	42
109.010011	35.653577	8
106.405266	30.420493	80
116.508949	39.809322	4
107.443375	28.217761	28
106.518084	29.505516	73
120.612651	28.029314	45
119.467042	32.713795	34
116.927837	34.741466	45
113.383771	31.73038	39
105.723964	28.581919	19
102.590944	26.636841	28
103.362822	24.714199	19
120.165169	30.267361	12
116.36398	40.049381	95
121.526829	38.938737	88
120.455753	43.350823	58
113.368931	22.355541	47
114.277459	30.62235	27
116.188757	36.148938	88
121.948503	29.209567	49
101.360913	23.208063	42
113.684945	34.846907	52
114.662149	37.884508	90
118.679776	37.42233	84
104.149055	29.998773	19
120.883651	27.975134	80
114.307471	30.606919	41
121.524934	31.234207	71
106.142745	26.422258	81
120.553542	31.444367	10
111.10212	35.189949	71
121.421683	37.544461	5
116.306956	30.463935	33
103.69524	30.919065	47
111.537753	36.072019	81
84.860181	45.608276	20
109.448186	18.296035	90
121.560588	31.011419	52
79.938383	37.108676	20
110.312545	25.323629	26
117.632432	24.527877	28
110.853451	32.611907	12
122.152472	37.416412	13
118.128773	37.077933	72
111.640285	40.066376	22
113.542986	22.102288	60
123.203148	41.792754	86
114.412043	30.508726	29
116.227698	39.909273	59
114.190799	36.691426	87
103.343149	30.314823	5
100.590238	25.826779	45
120.177511	30.246296	46
112.503997	23.082435	38
113.768048	23.003693	27
102.075595	25.146848	99
112.024374	33.031875	29
106.545088	29.588977	9
111.676541	40.82219	27
118.781859	32.047952	60
120.143511	32.522873	18
125.300817	43.853438	78
113.575972	26.953259	22
113.417547	23.059934	11
113.135892	27.830663	58
115.56641	34.860274	7
114.247527	22.567444	61
91.046991	29.641374	93
120.297363	27.757995	29
103.893514	36.063705	92
108.792585	30.40904	75
116.138954	23.306392	47
113.22663	23.415956	20
114.415888	23.07724	80
104.08638	30.6608	45
118.636046	32.062328	44
110.15288	35.228768	97
115.037623	30.159409	69
120.141364	29.692465	77
113.773213	23.044862	32
99.181219	25.0772	13
109.854607	40.585841	53
120.441479	36.164616	66
114.46569	34.485777	53
117.219697	39.149594	57
113.354728	23.023518	64
116.406093	37.638242	50
87.564216	43.926605	89
115.324021	35.013817	63
109.473555	26.825632	50
110.548485	40.563613	46
119.011134	33.581533	59
120.669468	31.288697	71
119.659674	29.097131	15
113.772629	23.007203	19
112.561453	28.265733	6
113.931881	22.956813	11
118.264067	35.120633	63
121.019772	31.257293	22
118.143505	24.537723	88
118.043263	37.36595	89
115.341466	26.336535	5
121.868248	29.895166	84
119.944545	32.134662	62
106.776105	31.86704	78
119.515945	32.212185	51
121.418179	31.237681	93
104.037827	30.689717	39
108.932811	34.205102	15
117.85311	39.351914	73
117.126965	34.26732	5
117.15863	35.116404	93
113.673501	34.747435	98
126.719969	45.687834	58
117.035823	30.100857	50
117.852643	31.583697	99
120.286961	31.796748	75
116.530229	32.340433	59
121.652933	31.076841	40
120.975458	28.034798	30
87.367549	43.882996	46
118.143182	36.190675	30
115.080598	30.200416	8
116.662253	40.135356	59
114.285184	30.572334	35
120.621688	27.776414	4
119.589858	34.212177	96
121.633207	31.266337	9
113.767706	34.783138	22
113.655427	34.732151	77
121.442568	31.184884	30
114.503185	38.049789	98
112.667174	32.835331	74
118.956373	40.412628	88
117.853397	36.812259	41
118.848468	31.918629	11
113.44278	36.808127	85
110.398782	27.721146	57
110.112358	34.798946	70
115.664002	34.990148	43
109.088128	34.218461	61
120.811086	32.02635	90
109.318983	32.572034	1
120.728505	30.731439	75
110.472569	19.261343	12
112.16336	23.03461	18
107.451711	28.796823	25
104.530898	32.414091	29
113.190132	40.043899	3
121.570092	38.975694	30
113.489753	22.953577	8
100.559408	25.481763	69
108.830862	27.179839	61
120.685342	31.456658	31
120.803406	32.682811	6
114.507317	36.582914	85
113.019741	28.103639	7
120.16136	30.284772	10
120.79895	30.786747	45
116.441414	39.965543	40
108.981274	34.262934	86
118.745118	36.887452	64
113.017001	28.203604	60
120.553758	30.033775	65
114.050008	22.712501	8
86.068016	44.303705	76
113.965621	22.803416	54
113.4646	29.479973	5
113.918685	22.584556	85
126.40956	44.064045	6
112.900105	29.818418	60
121.209907	28.878567	8
117.273119	30.417231	89
116.438432	39.887678	19
119.136842	25.447453	75
116.577534	39.800515	65
118.931211	27.988141	69
122.445877	37.158341	60
105.170932	31.63736	51
111.580252	38.710235	34
120.197678	30.308845	8
117.281312	34.260413	47
108.977914	34.267581	70
113.312355	34.822234	78
109.415479	24.310316	57
121.579811	29.886587	61
118.71675	39.753346	45
120.598547	30.292865	57
116.278551	24.372821	37
114.427251	37.066488	45
116.367672	23.570176	66
116.496705	33.368762	16
126.461078	43.976298	16
112.044828	37.439782	92
111.248022	23.427363	63
114.151813	30.495292	82
114.05467	22.551432	76
125.606026	46.016797	28
114.315951	30.611332	46
114.472355	37.243066	32
114.094941	22.546167	72
118.799116	32.056146	4
119.139205	36.603842	53
112.518424	37.860254	18
116.324877	27.944751	41
114.5799	38.185756	10
108.542856	23.642191	27
108.01794	35.090254	66
108.983888	24.757109	89
120.551925	31.439407	24
106.631082	26.466971	91
114.045849	33.576698	90
129.133842	47.641269	90
120.28008	31.897524	28
100.221466	25.419978	4
104.024559	30.657352	84
113.052601	23.067914	25
121.072942	40.842667	93
113.338244	23.029314	88
113.331938	33.751492	37
121.491319	31.18907	6
113.672711	34.75849	98
114.309196	30.609856	93
113.863969	22.995468	65
123.258053	41.737852	26
129.404915	44.581266	94
113.227097	23.124094	80
114.391831	23.101525	14
113.870616	22.933991	33
112.376303	32.533208	14
103.766476	25.508082	67
101.80419	36.634742	33
117.294517	39.078363	41
103.826582	36.063041	82
113.215311	23.651277	33
122.381998	41.186397	62
104.058443	30.637716	14
109.971836	38.617566	46
119.95457	32.457432	9
110.334625	34.645035	1
121.468574	30.940787	64
120.697037	28.067626	31
118.616795	35.014016	42
118.814944	32.091149	74
100.927705	28.744123	39
129.806278	43.024408	65
114.045633	32.982227	41
113.234167	23.093514	7
106.077394	30.874256	9
117.823978	28.408986	79
117.375418	31.917181	35
115.710005	24.131775	45
120.41196	31.766982	94
113.153957	27.848527	86
121.478527	30.851456	92
114.021136	24.94387	13
114.06094	22.539766	9
118.112235	24.472275	57
113.758741	23.062378	7
103.819961	30.658952	5
116.308078	40.056484	43
112.441978	39.326669	58
108.739711	34.119163	73
114.36225	33.297161	23
117.197113	39.123911	55
113.358735	23.305147	4
120.071763	29.320871	21
110.077863	23.37404	97
120.567502	27.687492	4
105.324093	35.863413	59
104.258954	23.362313	81
116.953727	31.462072	6
104.047376	30.634159	72
120.645484	31.49069	66
116.740909	23.406081	58
107.975684	21.55054	64
117.413758	30.618815	100
97.015476	33.001752	91
113.177214	23.468366	90
119.949773	35.904448	94
116.430284	39.991522	33
116.806467	39.958962	61
114.162161	33.467888	89
113.245207	22.717093	81
126.70132	45.776149	76
118.053091	28.353601	67
114.857198	22.786424	3
113.506398	24.713263	41
118.836144	32.083815	8
113.719117	28.644054	31
118.174102	39.807881	77
114.368996	30.598122	55
117.67582	29.375494	84
103.693794	30.638563	57
119.42236	32.398689	16
108.93617	34.35321	30
121.479641	31.243455	73
111.846195	31.797078	39
120.30207	30.432685	28
114.436127	30.591291	80
113.636464	23.136773	34
117.191239	39.234663	27
114.482147	36.606746	29
115.111688	35.818354	48
123.382782	41.821091	48
114.488974	22.552951	65
120.624814	31.308561	69
112.562468	37.428757	68
115.31378	38.809278	76
118.640592	24.753606	38
114.499215	37.075536	69
121.04417	28.21562	82
126.325128	44.259401	31
112.500467	34.688798	69
115.221991	40.385417	63
114.031673	22.533583	29
115.08747	25.541241	38
121.566696	29.855362	8
120.265105	30.298883	24
105.938462	29.380317	91
119.292465	42.052186	45
120.477276	37.597439	99
113.557647	26.797081	56
112.567085	37.908641	76
111.359026	23.227235	62
114.362591	36.091373	4
118.003064	32.782423	78
114.024936	32.981296	5
114.259187	22.697631	73
120.037807	32.455916	29
114.057697	22.546459	80
121.213087	31.536105	11
118.423804	39.734011	90
119.322432	26.07335	47
114.766407	32.356913	91
104.018585	30.780775	95
118.75244	32.036428	18
121.53875	29.917316	14
121.370416	31.153576	41
113.978107	22.543689	8
116.286699	23.303222	11
117.261953	39.174778	53
112.567588	37.807907	32
98.524791	25.037422	18
125.298859	43.87193	76
121.335876	30.185955	56
123.000005	41.119447	63
110.834631	27.105948	87
116.584388	39.587262	25
112.947095	22.793588	97
125.089347	45.533364	98
120.357613	31.861174	57
123.407755	41.864775	29
114.268269	33.269069	86
101.716642	36.647129	31
113.684451	34.770515	53
115.598166	36.741517	58
105.533694	30.567592	14
106.243365	29.274246	92
106.524804	29.51904	10
112.588779	23.040355	89
118.25503	37.065617	63
83.619567	45.94191	64
114.517738	38.078717	88
103.163255	23.387574	19
113.832025	22.76983	89
121.561746	29.843475	6
124.351766	42.563576	11
115.905386	34.948943	39
116.465318	39.961955	55
119.424956	32.4057	14
117.550543	33.279227	28
118.799681	32.093428	13
110.968272	26.562348	50
118.359521	34.360668	37
117.092802	36.661323	45
106.912971	28.849228	23
105.169638	31.638566	93
109.295124	29.550456	34
111.670109	29.048539	90
109.906502	40.652611	5
118.122422	24.530441	11
117.662624	39.036815	68
117.202764	37.717611	88
114.010941	22.965033	32
113.169615	27.865358	38
111.192103	34.783576	35
118.76198	37.147131	14
117.302036	31.866311	43
102.783146	24.936433	10
112.837304	23.09732	50
113.029946	22.915576	55
113.698178	34.756748	10
113.805067	23.09752	76
117.107418	31.497118	58
116.326027	37.487738	46
115.95446	28.663167	15
113.817347	22.70935	54
120.352286	36.060123	83
128.926756	44.481651	54
113.306373	40.11815	87
115.659744	39.034776	25
109.026944	34.199459	94
109.808236	40.652714	96
118.353799	31.012665	82
116.342358	40.042939	72
116.095324	24.307369	87
116.474373	39.998625	36
120.383682	36.2523	35
102.904417	37.474529	36
113.266964	22.657056	98
114.046891	22.5458	46
112.705721	34.175741	84
123.380016	41.774519	28
112.38746	31.81816	82
105.118399	25.63511	57
102.456836	22.928167	69
101.769147	36.673076	41
113.111952	28.242489	95
112.541241	28.269225	17
126.598348	45.706342	4
117.009727	36.672143	65
121.701559	31.279586	3
120.494443	36.177639	11
116.823499	34.629465	43
115.406898	27.762086	90
115.998433	29.711531	26
121.622777	39.012892	8
85.955296	44.255372	71
126.578082	45.725938	85
116.022058	26.466761	72
119.84583	32.932135	89
119.070116	29.618017	63
109.003543	34.275426	52
113.561752	22.231569	32
108.87867	26.946609	61
117.819998	30.933516	37
113.726986	22.793238	23
103.871057	24.887308	49
102.840332	23.635032	45
116.833201	35.603981	48
117.963566	33.904927	17
103.843568	30.702705	23
113.274249	23.131373	30
119.902423	29.305534	93
120.263812	32.033107	41
113.924173	22.926136	59
120.729197	49.290056	3
116.370062	39.964347	98
107.968066	22.700282	10
120.493895	30.755462	67
113.066651	25.999155	35
106.571839	29.567453	70
113.537417	22.354371	28
113.178463	23.206568	76
115.441079	30.236617	46
108.050764	24.699254	32
110.245379	25.216619	23
120.090582	31.703303	5
110.386062	21.260501	70
119.947464	30.038246	23
126.646623	45.76941	75
123.452042	41.776698	24
113.283547	23.145804	54
120.409687	31.885844	46
109.958352	21.331213	35
118.180506	39.759829	58
121.726028	29.946213	11
113.894421	34.751202	34
115.15434	38.701401	14
105.867307	35.349572	55
118.127605	24.71529	38
121.655979	31.121902	37
116.340687	39.976429	89
116.952864	36.662177	32
111.52285	36.109169	60
117.169715	39.098995	4
112.172999	32.154137	14
113.520816	23.141883	8
113.27407	23.665982	2
106.302204	38.467922	1
100.903253	22.112794	26
113.246689	23.081288	11
117.032724	32.652994	5
113.217692	23.040422	68
113.537174	34.713177	30
100.348828	24.644451	20
117.932637	27.642908	28
118.797112	31.991299	80
121.451776	31.229221	49
118.778095	32.073573	80
102.838966	37.251052	33
117.845061	31.61546	34
114.823287	39.08568	42
120.325588	32.867907	83
113.208583	23.396455	21
108.32155	22.803599	44
120.71716	31.382138	67
120.455726	36.169577	90
121.58512	38.938547	100
121.721339	44.899903	30
114.940615	25.839193	37
120.139226	29.356442	23
121.777501	31.055281	79
118.510463	33.904807	90
120.639726	27.901542	48
114.056449	22.644424	15
110.031375	18.515379	61
120.976204	28.116813	91
119.406604	32.373366	3
116.71378	34.226356	28
108.488419	22.919446	28
103.276872	26.211201	54
120.954034	31.428284	21
99.326969	22.310476	29
107.35615	30.337486	92
100.214288	25.619726	9
104.00768	30.712587	14
114.533027	36.601445	83
111.132231	38.468954	13
116.636858	40.333079	34
120.043664	29.283626	78
118.609852	24.723717	88
113.280465	23.175766	30
116.877146	39.626043	48
117.57035	26.199045	62
121.548631	31.272394	53
114.442442	39.807874	97
116.520627	39.872362	23
116.49065	31.751608	7
121.48045	31.238244	45
100.822657	38.450638	78
122.023574	39.620319	73
108.718556	34.304625	6
112.083869	32.693028	28
102.681511	25.250178	90
116.404637	39.868354	33
113.38439	31.741298	67
114.4694	22.861731	16
93.514968	42.854325	68
113.198783	41.450517	63
87.623064	43.799229	52
106.04395	28.140801	78
82.996467	41.712972	33
103.841431	36.074645	94
113.932087	22.927201	100
113.53712	22.19217	86
117.859757	25.698003	61
106.51176	29.617883	83
113.462929	23.105365	72
116.63569	35.015849	82
114.355845	35.945169	93
117.231114	29.605825	77
121.438993	31.198978	98
113.936372	32.994992	88
114.133802	23.977855	100
120.522057	36.429252	33
121.261443	31.023133	26
116.233214	36.087443	15
120.900288	30.974937	37
118.791157	31.942991	63
106.066003	31.368534	44
120.948725	32.039719	33
110.813476	32.596615	46
102.077688	25.145515	12
121.57408	30.924378	99
104.562051	27.328869	83
114.053053	22.55492	27
110.836383	35.28183	11
114.55234	38.055536	2
105.992719	34.561298	57
108.206306	24.713181	36
121.492631	31.405341	63
104.552161	31.319328	5
123.406794	41.772737	93
120.744791	27.990901	58
120.135183	30.266254	55
103.578865	35.294374	42
120.390446	30.307037	19
121.426174	31.276661	90
119.750017	41.134711	2
113.531766	22.252519	29
116.543066	35.38031	24
108.272825	33.032593	64
122.630101	42.330275	26
113.264233	23.138551	76
79.253901	39.952104	23
113.687039	22.917906	14
113.288155	23.586795	54
75.821665	39.396328	12
112.559063	37.830483	18
116.384776	35.320031	22
120.251056	30.054682	58
114.386504	27.792354	12
121.629712	29.882312	51
117.262223	34.66522	62
103.716674	27.341626	1
123.425021	41.919419	81
115.735382	28.730433	85
118.906733	29.015213	47
102.571343	25.070597	37
125.281567	45.714561	45
116.022956	28.682903	94
121.419194	29.659854	92
118.602144	31.153668	28
109.701607	37.15182	29
118.184836	39.613607	61
121.508558	31.24648	36
119.356909	25.722329	100
104.698055	31.582267	60
108.793753	29.541737	88
112.925168	32.779456	58
114.096531	22.55895	21
109.37713	35.977976	76
110.774705	32.653716	52
117.198533	31.551461	70
115.73275	34.141104	66
121.169214	36.78357	9
113.426674	22.682235	43
113.178607	23.457924	72
123.333923	41.811851	40
111.65853	29.445743	82
114.889429	35.411425	67
112.606081	37.78486	44
115.029547	37.242305	1
114.054949	22.560102	49
102.719914	24.127092	93
116.612397	35.429125	20
117.313408	39.094151	65
107.983697	28.152673	88
122.05762	37.203691	76
121.110977	30.612203	10
111.76409	34.775089	33
126.639068	45.611781	64
110.429953	20.021737	21
120.70876	30.519919	22
123.444918	41.853096	25
118.30043	35.104179	61
118.998315	30.032336	15
112.459908	32.96494	89
115.862465	39.345477	27
115.082403	38.5145	84
120.152233	32.511509	96
118.739863	25.07477	25
117.968255	41.153942	58
120.109627	30.330332	84
115.972247	39.499924	62
105.052517	30.348691	37
119.957669	31.721588	24
113.356633	22.051639	97
117.137843	39.148657	71
86.132164	41.766442	25
121.43593	29.341598	6
115.716104	39.398573	63
122.36299	39.414072	61
103.427994	24.413003	25
107.725551	31.366861	85
117.000537	36.670616	47
104.097501	30.653904	62
118.839647	32.035258	85
118.851828	31.951142	37
121.617082	39.028085	14
114.902078	30.456915	14
113.302923	40.051604	1
113.015277	28.340193	55
115.143237	36.099247	5
104.093738	30.659814	37
120.258673	31.757602	98
118.11016	24.594117	47
105.684232	37.496542	2
100.78615	21.965781	13
112.173439	29.420744	69
120.530456	30.652265	30
125.979649	47.410995	27
112.003443	27.751745	76
120.684335	27.830104	12
113.215482	23.381968	82
112.656745	26.878653	21
113.762847	23.019568	65
113.354486	23.182186	57
116.70936	38.688193	8
116.124725	38.102445	5
115.269287	33.057213	48
113.495205	31.247576	38
121.084288	31.45424	20
106.498196	29.529262	43
117.751413	34.572594	41
126.709046	45.789945	45
110.32487	20.031297	53
116.441486	39.975469	14
113.25949	23.103088	80
104.345416	30.672744	83
110.33273	30.621301	54
112.42509	34.694044	41
113.823554	34.81095	41
122.598059	41.867998	9
119.444476	35.934941	68
112.224696	32.763275	81
113.637766	34.802977	17
111.292614	30.702395	60
120.486807	30.076483	96
103.947808	30.984125	8
120.103024	30.274223	27
114.325554	30.518799	57
121.597391	31.101311	17
108.405954	22.830724	93
111.766955	40.872685	50
115.169889	28.258471	80
105.710472	38.844358	7
84.714108	44.43319	94
109.021123	34.299466	77
117.776179	24.46684	66
113.304504	33.737826	27
106.428335	29.571843	56
106.851365	29.053512	16
110.011972	27.116672	22
120.852022	29.978699	37
104.98845	26.487773	43
121.406061	44.673459	97
110.345989	20.05349	83
104.250276	35.651245	23
114.899508	25.806963	35
112.271929	31.469071	21
116.203498	34.982991	25
116.156669	23.443568	100
119.446291	30.897562	82
118.108938	24.478129	2
106.146159	38.543059	100
104.615725	36.800195	18
116.404709	39.903434	89
123.56724	40.240396	4
108.224371	22.588226	53
113.022266	28.288478	100
120.668085	31.482984	17
117.664735	24.339942	100
103.946972	22.531454	23
109.161339	33.428855	96
119.115705	35.20699	17
103.643642	30.996616	29
120.029758	30.28839	34
116.497845	39.899649	44
104.409007	30.759954	45
124.977643	44.229818	40
102.731466	25.079884	85
119.925465	29.182522	73
132.036644	47.254314	92
117.646078	35.953328	7
114.971049	36.780448	71
103.624831	36.128302	80
119.024491	33.630334	14
108.5006	31.385167	74
121.374593	31.182458	47
110.35013	19.995124	53
120.967993	31.424386	71
116.48173	23.24945	54
103.827722	25.61018	31
120.618418	31.312178	51
121.681958	30.868762	88
109.693352	26.577931	42
121.058875	31.092637	71
111.576048	21.791122	62
107.061092	33.075556	90
103.060408	30.024957	13
106.704537	26.57646	12
125.695982	42.541758	60
115.798335	32.887267	12
105.070681	24.058171	26
114.333235	36.383874	83
117.216688	36.857124	75
115.416771	33.161502	85
114.286101	33.451669	55
108.30944	22.861023	76
106.737702	26.566436	62
118.520605	31.711567	10
117.984424	28.470581	42
103.470269	36.170829	20
114.142219	24.367093	32
113.260074	23.125648	34
112.640836	33.260021	10
109.440668	24.309081	50
121.577592	38.917117	53
116.379916	23.084363	22
117.351757	34.814847	98
110.09794	23.39648	88
119.458454	32.219646	91
125.321595	48.191542	74
111.749277	27.252091	51
113.78101	36.007813	69
103.798869	25.501796	52
123.662137	47.229843	37
118.845863	31.919671	100
118.766363	32.049498	64
121.203673	31.026824	72
121.109117	31.453516	43
117.789869	36.907921	24
107.110104	24.303351	20
117.106699	36.656532	41
120.341407	31.575522	94
112.729589	23.324388	82
80.933607	44.317425	12
106.044058	32.705182	85
103.947736	30.338865	88
101.636594	26.603243	92
104.153259	30.003402	76
119.665891	31.952995	100
121.434519	31.356354	91
118.853849	32.004658	57
114.453122	39.926055	37
113.868146	34.567823	19
112.862825	26.422072	72
117.712193	35.868093	71
119.458759	36.080398	99
103.569298	25.437836	91
118.481744	36.705004	40
108.127749	35.867171	47
116.401547	39.956411	62
86.352958	42.065809	58
116.981394	37.712394	59
113.131697	35.830697	66
105.610796	25.909379	86
126.532619	43.830317	20
112.626257	22.341585	50
110.640974	26.736544	92
81.965041	43.563735	55
119.883667	32.008401	36
113.277025	23.188315	14
122.123825	30.025653	31
121.470119	32.119892	47
121.4399	31.039657	62
115.784196	23.940977	54
113.054775	23.029081	52
112.188602	30.358796	38
122.974736	41.102699	84
101.825498	36.605986	48
108.072252	22.843472	66
121.203781	32.300873	62
113.055045	23.721137	1
119.491053	36.83147	36
114.953056	27.078988	75
116.141191	27.65314	58
121.410597	28.71541	28
112.087201	31.95265	65
113.974344	22.59067	75
121.486989	29.890485	65
103.49234	29.607458	98
103.383043	23.598121	50
98.801721	24.775106	74
111.998278	38.449769	21
115.71932	36.725074	26
116.783525	36.097249	18
103.737649	36.112988	41
118.391177	35.589043	92
113.438145	34.756192	24
119.811668	35.934452	12
108.724476	34.336787	98
108.257671	27.941416	18
120.413577	36.174114	76
112.401312	26.415132	37
105.775033	26.661115	44
103.887909	25.309764	6
106.446229	31.098141	46
116.768352	35.583832	42
117.276326	39.135134	25
113.177816	23.037429	22
118.719885	32.060798	61
110.97474	41.365665	70
114.530368	38.083865	3
106.706522	26.554931	1
117.088948	36.696591	22
113.18891	22.825336	45
121.551101	29.831899	85
118.521126	31.719538	6
89.707851	44.141349	93
104.753256	31.450567	33
103.618211	29.810584	4
118.886593	34.286821	86
118.01582	24.32357	93
119.90731	29.463835	7
114.04628	22.634942	78
110.40878	21.229406	39
127.510227	45.767819	64
108.07898	30.501601	64
114.480108	22.802217	40
113.841457	30.925679	97
118.849897	40.097394	56
117.231303	39.099611	44
118.981741	34.31322	27
120.125212	30.278636	35
112.490541	34.694021	30
117.180585	28.987011	62
117.102154	36.142774	20
112.414921	23.110384	56
113.455842	30.375412	39
117.135984	39.78809	56
103.46646	30.41899	11
113.139207	23.150921	40
121.240503	37.534947	97
102.806681	24.977399	23
117.304488	31.263829	63
116.443309	33.928893	51
118.681653	40.987575	65
118.122575	27.330995	34
114.440438	22.644224	57
104.021702	30.729662	99
120.098308	30.336364	14
109.14305	18.730835	44
121.480575	31.239418	33
122.698803	45.513385	18
120.475632	31.408292	20
100.655267	23.901527	40
101.470685	36.52011	7
113.616917	23.53222	86
120.459777	32.540224	44
100.499447	25.338145	96
116.553469	39.972248	30
119.462748	32.213559	2
118.907011	42.278141	8
119.283185	33.794923	10
110.850585	21.569617	5
119.04526	37.129618	75
114.116914	22.736135	68
104.154346	30.841566	74
117.615508	24.559383	25
113.326315	22.984872	75
114.495244	38.056807	83
113.031563	27.965978	1
102.752657	25.088957	4
110.516891	22.817933	40
105.07581	29.580795	56
111.348192	30.73608	14
114.174477	22.721402	36
102.751921	25.059772	61
115.990231	36.979048	3
112.310116	30.287127	99
113.328471	38.01812	25
126.315381	45.392912	10
118.101393	24.524343	16
80.307084	41.179942	11
113.021969	34.383514	97
101.661162	36.67414	82
114.142003	22.820006	40
113.358034	23.186389	82
115.928886	28.691284	24
110.014388	39.8151	77
112.415793	29.384464	33
117.227665	34.169962	22
117.124018	31.812767	52
111.682721	40.817024	75
116.588763	35.411432	10
112.67658	37.751785	61
120.717707	31.725228	13
113.313119	33.747598	88
113.106715	23.657914	31
110.293124	18.675935	11
118.701362	33.731649	41
114.671312	22.777053	86
113.712092	34.445695	26
113.350704	30.867057	88
111.332229	27.731331	65
120.230592	30.260865	73
87.557532	43.892358	83
103.21806	35.606248	20
118.159019	24.509475	83
109.009059	34.230676	69
108.605459	22.412294	48
121.440861	29.66781	38
113.437588	24.950021	13
116.965764	35.559568	30
121.160895	41.124257	1
113.884666	23.083482	82
118.845962	32.109104	74
120.313587	31.578306	67
113.783103	22.779318	6
120.322606	29.298431	80
121.459384	31.206151	32
111.296145	30.731299	42
122.974916	39.712742	88
113.481003	22.318108	31
115.892226	28.653468	23
117.794433	26.403442	18
109.533112	34.515319	34
106.57377	29.534942	40
122.122864	30.027482	63
124.833402	45.123335	61
125.299362	43.902986	77
109.057504	21.788076	24
114.392208	30.514039	62
109.195547	25.565111	82
120.656515	28.007845	54
120.874821	31.258257	34
116.392492	39.567025	26
118.784365	34.119126	39
113.284885	22.471528	80
81.553528	43.692717	57
101.997901	24.078776	3
120.501324	31.172518	99
121.523056	31.244635	34
113.294174	33.719173	52
116.309857	38.922402	53
121.615555	31.273768	70
117.985619	27.6435	54
110.033756	18.509945	31
117.015251	39.802927	79
116.44277	39.427798	99
106.573088	29.535287	98
117.35411	32.907071	60
115.733172	33.635173	99
107.373694	33.130676	85
117.674931	39.022584	57
125.023977	44.012454	23
123.328147	41.800155	33
118.890222	32.176503	81
119.121508	26.664554	75
125.840609	44.16043	1
120.524464	27.589669	66
113.273665	23.144724	55
114.444714	38.05545	58
118.827664	25.299597	62
113.88957	22.570022	32
120.863745	30.056339	58
108.89554	34.946576	68
121.180191	28.097154	100
121.187099	31.903311	56
120.758491	31.29203	6
106.767409	25.430682	22
117.420055	33.655452	13
110.790273	32.628671	20
114.587455	35.370156	52
116.945085	36.671817	29
110.181509	20.335268	27
116.57015	40.068543	28
109.121293	24.467325	45
114.404246	30.603072	21
117.97015	36.644038	94
113.157523	23.061513	61
119.298969	29.489146	5
121.450662	28.667248	3
108.343944	22.828076	18
115.912357	28.555874	63
109.793001	28.672596	77
111.800256	30.836853	76
109.837925	29.217693	18
130.753163	46.773847	8
111.254831	23.428291	5
110.121116	32.80662	29
117.170928	39.107248	8
116.549498	39.923807	75
120.152224	30.301939	50
116.431389	39.924561	93
121.499161	28.653809	14
114.110509	32.858414	37
117.514889	35.961413	53
118.780592	32.047325	49
117.959209	33.904343	96
119.95121	28.475121	78
102.810769	36.331745	74
120.903765	30.890504	12
109.149131	21.42267	34
106.449086	29.502082	86
112.755972	37.694771	37
119.839668	33.993936	54
120.37734	36.235738	29
113.595609	24.793731	67
113.333969	23.102024	98
112.315748	39.007782	79
120.681128	27.976873	10
120.175005	29.339701	11
115.29735	23.486812	10
108.963083	34.312751	69
116.428649	23.24877	12
114.360768	34.821041	39
109.115211	21.458012	15
120.599185	30.039606	68
109.988328	27.55732	25
115.410896	35.3561	98
112.920389	28.22314	28
121.337727	28.418096	39
113.631002	34.731246	33
117.240879	30.727085	6
114.211999	22.715793	73
122.996825	41.119142	94
116.411797	39.955588	20
115.882569	29.001717	56
123.972601	47.309301	12
115.380174	25.955023	77
106.63481	29.743138	26
118.770702	32.238072	77
121.821384	29.921902	71
109.029639	34.069507	72
111.626748	22.817191	7
112.944373	27.849597	45
115.23799	37.930282	38
115.517956	33.817511	55
121.091142	28.182249	13
118.808036	35.597092	18
109.773795	21.627016	97
120.602841	30.009907	16
112.564264	37.803873	81
121.477764	31.295309	40
112.636228	35.093244	85
125.365801	43.849356	95
108.547393	32.523032	25
116.498914	39.873912	100
102.698238	37.827391	18
114.576999	38.037413	93
117.135103	36.164368	76
119.717561	29.802537	85
115.553843	28.852384	98
98.770604	23.698555	71
121.855366	31.032022	98
115.035126	30.204817	30
106.293239	29.199163	67
105.379662	24.889414	11
121.62461	38.925545	12
125.993034	46.075442	73
123.921388	41.872	95
103.633428	26.564489	21
108.759788	32.501902	69
120.822665	31.371687	70
116.322496	39.751453	71
122.260269	43.628065	72
111.470946	27.328604	40
114.497571	30.514653	90
108.129555	36.431749	7
120.259545	30.300099	49
114.700462	23.762867	19
113.346159	23.140545	88
118.415288	35.037723	36
120.475003	32.545124	71
116.288504	39.846088	39
105.57525	30.52667	70
116.488153	39.921628	33
113.343886	23.109187	41
114.627376	36.837558	96
118.188915	29.791983	9
118.608046	24.910636	26
113.812047	34.806779	30
123.022499	41.112633	42
109.492949	22.164777	18
124.414863	43.140827	91
118.129123	24.484681	77
87.602079	43.815357	74
113.114054	23.007793	53
120.273702	30.198184	92
118.207501	39.697712	27
120.235129	30.864453	4
114.261891	30.532448	97
123.481488	41.81054	49
105.647788	30.668209	28
117.105064	36.687562	20
112.532608	37.880663	47
123.399913	41.947217	78
118.654524	37.434388	23
117.233755	34.230535	14
104.551011	30.391332	44
113.89991	22.809937	27
103.974245	30.704693	40
110.284967	33.708971	84
121.604569	37.4196	7
117.287582	39.150293	47
120.658015	31.212537	65
119.160001	37.036311	58
105.614802	27.152358	57
116.266334	35.212918	27
120.426989	31.872858	7
110.270792	39.042231	71
114.161604	22.62079	46
123.158925	41.686378	76
107.745062	27.310061	56
121.556931	38.894817	91
112.93548	28.270441	92
132.711901	45.634178	99
120.416604	36.064295	42
106.268571	38.471192	26
103.435837	30.423132	100
120.841377	29.621305	41
104.568465	33.007444	42
113.665309	27.976562	87
120.280933	31.908353	29
113.409139	34.790261	51
121.078718	31.566861	67
104.682029	24.785366	49
110.594595	19.16494	34
111.017679	21.513523	94
121.213096	28.911906	27
118.415081	35.00188	23
119.626123	39.976077	47
121.418997	29.790784	19
120.044481	35.903256	52
87.609032	43.843075	79
112.206712	25.388662	54
116.941249	34.721916	93
116.438674	23.266715	66
115.596611	32.640871	10
121.437035	31.275844	55
116.120243	24.373981	27
116.760465	23.370491	53
114.488408	22.989155	90
117.018135	36.677259	14
107.085508	29.853945	44
103.932456	30.588128	16
107.325437	24.270553	31
101.720729	26.585725	63
121.436783	28.741882	79
120.614537	30.665188	72
107.501001	31.219154	40
121.425321	31.271399	61
106.37617	30.651946	90
113.604996	24.812362	18
118.807371	31.948713	96
115.40618	28.441626	57
114.368161	30.530076	7
117.967437	28.419065	87
114.35271	30.524725	75
114.45738	38.018078	86
118.318819	32.313378	92
116.598815	35.415404	82